KB/s in
668.38
1203.11
1738.02
935.95
3034.36
3118.92
4222.66
2195.25
1907.41
3173.65
4819.93
5952.71
5139.44
5704.92
6192.19
3757.21
6801.83
1336.47
3145.26
5142.67
2673.88
2807.38
2996.35
5692.77
2673.83
2741.70
4611.44
267.34
1776.43
363.54
534.81
1470.51
668.64
267.35
802.08
1604.50
3113.14
2659.85
1180.07
3347.10
1734.28
900.60
436.66
267.41
1337.49
1604.93
1605.32
1337.51
1203.64
1605.21
1384.82
4434.00
2872.46
7886.36
5881.22
1871.83
2808.60
4678.06
5101.94
1752.11
267.39
5485.09
4144.10
5213.18
4948.22
7750.02
8425.02
7084.93
5881.24
6768.65
8232.69
6812.03
9086.12
5241.95
3158.49
5580.47
5084.97
0.06
0.00
0.00
0.13
0.00
0.00
